_=id:Integer,the_geom:Point:srid=4326
places.1500512806337=0|POINT (2.521270155532119 8.358590112793076)
places.1500512806420=1|POINT (1.7913776447373575 2.1781295928633657)
places.1500512806421=2|POINT (9.73017904773155 9.54613620148551)
places.1500512806421=3|POINT (4.52415915655302 4.362144653395481)
places.1500512806421=4|POINT (7.220222407217614 1.1429025597979903)
places.1500512806421=5|POINT (8.236307712911374 2.661909529249371)
places.1500512806422=6|POINT (6.561582050239171 0.0115895290596169)
places.1500512806422=7|POINT (7.453991621300511 7.8059803159930965)
places.1500512806422=8|POINT (6.807634515529681 9.147843102336697)
places.1500512806423=9|POINT (9.888371374635174 1.6343720033146025)